{
  "camera_angle_x": 0.6386856732220708,
  "camera_angle_y": 1.0667448188885174,
  "fl_x": 3266.1925958348434,
  "fl_y": 3251.7232524440383,
  "k1": 0.011337475012840057,
  "k2": -0.01628518958454734,
  "k3": 0,
  "k4": 0,
  "p1": 0.003115395494269598,
  "p2": -0.0060657433235101555,
  "is_fisheye": false,
  "cx": 1045.8225721430413,
  "cy": 1927.9339865967,
  "w": 2160.0,
  "h": 3840.0,
  "aabb_scale": 32,
  "frames": [
    {
      "file_path": "./images/0004.jpg",
      "sharpness": 38.36526318844693,
      "transform_matrix": [
        [
          -0.07729829244770856,
          -0.06051837077558498,
          0.9951695839368323,
          4.7774885738592054
        ],
        [
          0.9912055697752106,
          0.10286704598170818,
          0.08324595664478193,
          0.4828928055724861
        ],
        [
          -0.10740806502022468,
          0.9928524047708847,
          0.0520346991829551,
          0.34595749084435473
        ],
        [
          0.0,
          0.0,
          0.0,
          1.0
        ]
      ]
    },
    {
      "file_path": "./images/0001.jpg",
      "sharpness": 105.34949502040884,
      "transform_matrix": [
        [
          -0.10738256173180508,
          -0.06523050877136694,
          0.9920755849082336,
          4.809135091556981
        ],
        [
          0.9889539933405855,
          0.0955360823968597,
          0.11332632534445418,
          0.7010758812249298
        ],
        [
          -0.10217134868311402,
          0.9932863825178342,
          0.054251062871485706,
          0.282727987073263
        ],
        [
          0.0,
          0.0,
          0.0,
          1.0
        ]
      ]
    },
    {
      "file_path": "./images/0002.jpg",
      "sharpness": 127.49024196928885,
      "transform_matrix": [
        [
          -0.1002210244493386,
          -0.06415115114666531,
          0.9928949471492706,
          4.8139783108180305
        ],
        [
          0.9895816138117143,
          0.09724334347059561,
          0.10616949541450357,
          0.7021015986096737
        ],
        [
          -0.10336331972335641,
          0.9931909997411832,
          0.05373697217609416,
          0.2843222154374915
        ],
        [
          0.0,
          0.0,
          0.0,
          1.0
        ]
      ]
    },
    {
      "file_path": "./images/0003.jpg",
      "sharpness": 89.85419785187008,
      "transform_matrix": [
        [
          -0.09183165343152595,
          -0.0627801257388124,
          0.9937935415617881,
          4.813782858373797
        ],
        [
          0.9902199725338326,
          0.09950872757931564,
          0.09778762258460286,
          0.6676130268322082
        ],
        [
          -0.10503025003891617,
          0.9930542124966961,
          0.053028083400281444,
          0.28865913326867554
        ],
        [
          0.0,
          0.0,
          0.0,
          1.0
        ]
      ]
    },
    {
      "file_path": "./images/0006.jpg",
      "sharpness": 94.76845612980325,
      "transform_matrix": [
        [
          -0.018484534350089496,
          -0.05610352076050158,
          0.998253833930933,
          4.632866811860443
        ],
        [
          0.9924508894935878,
          0.12004180576944569,
          0.025123630531921154,
          0.007530246670446155
        ],
        [
          -0.12124171696846836,
          0.9911823040367052,
          0.05346107220028957,
          0.4901377711621462
        ],
        [
          0.0,
          0.0,
          0.0,
          1.0
        ]
      ]
    },
    {
      "file_path": "./images/0018.jpg",
      "sharpness": 6.297490955004155,
      "transform_matrix": [
        [
          0.6471889030364022,
          0.00513004793527249,
          0.7623124073530423,
          2.9230903472641434
        ],
        [
          0.6910226025216551,
          0.41833076606577885,
          -0.5894803923517089,
          -2.382970809065559
        ],
        [
          -0.32192279601911367,
          0.9082802721512179,
          0.26719405052119627,
          1.009869079387537
        ],
        [
          0.0,
          0.0,
          0.0,
          1.0
        ]
      ]
    },
    {
      "file_path": "./images/0016.jpg",
      "sharpness": 9.12621322815819,
      "transform_matrix": [
        [
          0.5481553378102803,
          -0.024367069447531416,
          0.8360215138178604,
          3.281525222932709
        ],
        [
          0.7775604525785578,
          0.3830650595189678,
          -0.49865910476162534,
          -2.1484268369117467
        ],
        [
          -0.3080997699134059,
          0.9233999166724073,
          0.22892602665157058,
          0.9316951276922893
        ],
        [
          0.0,
          0.0,
          0.0,
          1.0
        ]
      ]
    },
    {
      "file_path": "./images/0022.jpg",
      "sharpness": 9.697855413238587,
      "transform_matrix": [
        [
          0.7860582894127716,
          0.05718859579264495,
          0.6155012836431809,
          2.2763202853764724
        ],
        [
          0.5153409714561346,
          0.48925288022172564,
          -0.7036016645329237,
          -2.7540420835987884
        ],
        [
          -0.3413737669946011,
          0.8702649502959033,
          0.35510965560536734,
          1.3816087701479711
        ],
        [
          0.0,
          0.0,
          0.0,
          1.0
        ]
      ]
    },
    {
      "file_path": "./images/0021.jpg",
      "sharpness": 16.47945116659561,
      "transform_matrix": [
        [
          0.7652060375684425,
          0.04744465687439764,
          0.6420348313078849,
          2.405142831844883
        ],
        [
          0.5478015813372857,
          0.47590268733566,
          -0.6880625405231514,
          -2.684489032561403
        ],
        [
          -0.3381909927257668,
          0.8782173060970735,
          0.33817335158249395,
          1.2769888498305455
        ],
        [
          0.0,
          0.0,
          0.0,
          1.0
        ]
      ]
    },
    {
      "file_path": "./images/0005.jpg",
      "sharpness": 29.462532997681606,
      "transform_matrix": [
        [
          -0.045697134473501835,
          -0.0573822265196942,
          0.9973058968993533,
          4.738619531839846
        ],
        [
          0.9925869216222685,
          0.109942127898136,
          0.051806674644934395,
          0.25344023152348955
        ],
        [
          -0.11261871481018168,
          0.9922802066969391,
          0.051932807374150805,
          0.4357652758691891
        ],
        [
          0.0,
          0.0,
          0.0,
          1.0
        ]
      ]
    },
    {
      "file_path": "./images/0013.jpg",
      "sharpness": 9.03842869475179,
      "transform_matrix": [
        [
          0.36915806227862624,
          -0.0701216900689377,
          0.9267174723971896,
          3.618227813908555
        ],
        [
          0.8906792519011492,
          0.31140145318727763,
          -0.3312394982271419,
          -1.6410774536421162
        ],
        [
          -0.2653540941652517,
          0.9476877563541286,
          0.17741229150200938,
          0.7826739402821575
        ],
        [
          0.0,
          0.0,
          0.0,
          1.0
        ]
      ]
    },
    {
      "file_path": "./images/0020.jpg",
      "sharpness": 7.767114676236763,
      "transform_matrix": [
        [
          0.7346425435582656,
          0.03450100568231957,
          0.6775765741307918,
          2.558990497133801
        ],
        [
          0.5908891572682999,
          0.4582271308039032,
          -0.6639863706568746,
          -2.5974007505947942
        ],
        [
          -0.33339216701090657,
          0.8881652871002731,
          0.3162468747286509,
          1.1816889446158552
        ],
        [
          0.0,
          0.0,
          0.0,
          1.0
        ]
      ]
    },
    {
      "file_path": "./images/0010.jpg",
      "sharpness": 12.278607974644512,
      "transform_matrix": [
        [
          0.18656397756431603,
          -0.08695838475599968,
          0.978586798197114,
          3.9598740084695003
        ],
        [
          0.9608968700930429,
          0.22361467736485555,
          -0.1633207920398147,
          -1.1405080205134042
        ],
        [
          -0.20462425887950186,
          0.9707907680838816,
          0.12527648339133526,
          0.6819989315859253
        ],
        [
          0.0,
          0.0,
          0.0,
          1.0
        ]
      ]
    },
    {
      "file_path": "./images/0014.jpg",
      "sharpness": 7.63572385201345,
      "transform_matrix": [
        [
          0.4318072043008635,
          -0.05677935049223499,
          0.9001770068609964,
          3.5550890337285397
        ],
        [
          0.8569241151732321,
          0.33726551267464566,
          -0.3897858832679669,
          -1.7814449381014479
        ],
        [
          -0.28146687043390484,
          0.9396957376335313,
          0.19428927281580544,
          0.8390012366969013
        ],
        [
          0.0,
          0.0,
          0.0,
          1.0
        ]
      ]
    },
    {
      "file_path": "./images/0024.jpg",
      "sharpness": 14.67167461439979,
      "transform_matrix": [
        [
          0.7992210682270092,
          0.06364663985834372,
          0.5976577526866785,
          2.1794896490261375
        ],
        [
          0.4927268206351275,
          0.5000564569798959,
          -0.712154351288834,
          -2.77614682082725
        ],
        [
          -0.34418884981510023,
          0.863650765688817,
          0.368295249219775,
          1.4558879239084217
        ],
        [
          0.0,
          0.0,
          0.0,
          1.0
        ]
      ]
    },
    {
      "file_path": "./images/0019.jpg",
      "sharpness": 10.783491632513222,
      "transform_matrix": [
        [
          0.6946040667284195,
          0.020125251304509803,
          0.7191106762897779,
          2.733922348417376
        ],
        [
          0.6401428364348946,
          0.43880608307509894,
          -0.630607937166576,
          -2.483376935232351
        ],
        [
          -0.3282412823702988,
          0.8983563856978775,
          0.2919134543550986,
          1.0755217166378528
        ],
        [
          0.0,
          0.0,
          0.0,
          1.0
        ]
      ]
    },
    {
      "file_path": "./images/0012.jpg",
      "sharpness": 29.45115909423358,
      "transform_matrix": [
        [
          0.3203580792318363,
          -0.07867469169883205,
          0.9440238312493241,
          3.6578752190940103
        ],
        [
          0.9137445337841213,
          0.28853828944617493,
          -0.2860359811338807,
          -1.517025514193715
        ],
        [
          -0.24988322883462355,
          0.9542305530732573,
          0.1643241416787749,
          0.7564005070281847
        ],
        [
          0.0,
          0.0,
          0.0,
          1.0
        ]
      ]
    },
    {
      "file_path": "./images/0011.jpg",
      "sharpness": 11.990214120281934,
      "transform_matrix": [
        [
          0.2554671772334491,
          -0.08554431553272354,
          0.9630257999898456,
          3.7704285652340257
        ],
        [
          0.9394598701290031,
          0.2572430165070084,
          -0.22636515384590256,
          -1.3610972864992426
        ],
        [
          -0.22836740961725538,
          0.9625529598663676,
          0.14608259885070984,
          0.7139606112866391
        ],
        [
          0.0,
          0.0,
          0.0,
          1.0
        ]
      ]
    },
    {
      "file_path": "./images/0017.jpg",
      "sharpness": 6.904328943786248,
      "transform_matrix": [
        [
          0.6039175090750311,
          -0.0072581789951094815,
          0.7970137772209179,
          3.0863790866210414
        ],
        [
          0.7314070875168418,
          0.4024281715958186,
          -0.5505408604602247,
          -2.2948478298359265
        ],
        [
          -0.3167448729943493,
          0.9154227906011119,
          0.24834210253125485,
          0.9780487568062228
        ],
        [
          0.0,
          0.0,
          0.0,
          1.0
        ]
      ]
    },
    {
      "file_path": "./images/0008.jpg",
      "sharpness": 9.385560246847565,
      "transform_matrix": [
        [
          0.046611515007909526,
          -0.06850514081342773,
          0.996561293830174,
          4.335412305109463
        ],
        [
          0.986863022747151,
          0.15765094287026302,
          -0.03532073819416466,
          -0.5443784250303925
        ],
        [
          -0.15468917545671068,
          0.9851158439004848,
          0.07495353962646678,
          0.5890950208341965
        ],
        [
          0.0,
          0.0,
          0.0,
          1.0
        ]
      ]
    },
    {
      "file_path": "./images/0026.jpg",
      "sharpness": 11.549374394227122,
      "transform_matrix": [
        [
          0.7599265147226325,
          0.05163923063917038,
          0.6479545370550139,
          2.5986870968265805
        ],
        [
          0.549747941082277,
          0.48082654854211565,
          -0.683068833641955,
          -2.5520283764269713
        ],
        [
          -0.3468268927072327,
          0.8752937907260988,
          0.33700428249676584,
          1.3039200441248482
        ],
        [
          0.0,
          0.0,
          0.0,
          1.0
        ]
      ]
    },
    {
      "file_path": "./images/0028.jpg",
      "sharpness": 10.692646966624816,
      "transform_matrix": [
        [
          0.6577419925317171,
          0.02867966659947315,
          0.7526971157071218,
          3.208810504965272
        ],
        [
          0.6758790534833314,
          0.4186464779171314,
          -0.606566263148689,
          -2.1063252795841554
        ],
        [
          -0.3325101146267628,
          0.9076963166496994,
          0.2559773826361299,
          0.8684805419965068
        ],
        [
          0.0,
          0.0,
          0.0,
          1.0
        ]
      ]
    },
    {
      "file_path": "./images/0007.jpg",
      "sharpness": 19.676601557843423,
      "transform_matrix": [
        [
          0.012789811582819971,
          -0.05951430545647385,
          0.9981455145295101,
          4.479951346917545
        ],
        [
          0.9904186193153013,
          0.1380255686262194,
          -0.00446104461854413,
          -0.26142478204108494
        ],
        [
          -0.13750410624256296,
          0.9886389582962117,
          0.060709397256050776,
          0.541378007357794
        ],
        [
          0.0,
          0.0,
          0.0,
          1.0
        ]
      ]
    },
    {
      "file_path": "./images/0027.jpg",
      "sharpness": 6.702611520859821,
      "transform_matrix": [
        [
          0.7117980793040156,
          0.03853832938316551,
          0.7013260949637761,
          2.9225643048805967
        ],
        [
          0.6135908305280248,
          0.4518244794526189,
          -0.6475808308307203,
          -2.2828342371379042
        ],
        [
          -0.3418329811443245,
          0.891274052659205,
          0.29796103112353156,
          1.0954707336778975
        ],
        [
          0.0,
          0.0,
          0.0,
          1.0
        ]
      ]
    },
    {
      "file_path": "./images/0023.jpg",
      "sharpness": 8.440125144616388,
      "transform_matrix": [
        [
          0.7961463523965889,
          0.062019699462863925,
          0.6019173883962919,
          2.194082319013689
        ],
        [
          0.49858586147600514,
          0.49641747391286234,
          -0.7106207359276185,
          -2.786844393872911
        ],
        [
          -0.34287479392622466,
          0.8658656064771055,
          0.3642988158364792,
          1.424178581319465
        ],
        [
          0.0,
          0.0,
          0.0,
          1.0
        ]
      ]
    },
    {
      "file_path": "./images/0009.jpg",
      "sharpness": 21.954418013125,
      "transform_matrix": [
        [
          0.10668409886155422,
          -0.08209416260092087,
          0.9908981035033936,
          4.168109904105539
        ],
        [
          0.9777101179584844,
          0.1899138453046558,
          -0.08953019939279269,
          -0.870346871922596
        ],
        [
          -0.18083536239477552,
          0.9783625503042566,
          0.10052508084790908,
          0.6558757236976753
        ],
        [
          0.0,
          0.0,
          0.0,
          1.0
        ]
      ]
    },
    {
      "file_path": "./images/0015.jpg",
      "sharpness": 19.195048947878725,
      "transform_matrix": [
        [
          0.4913658653147991,
          -0.04143211525538635,
          0.8699672213586979,
          3.4386367656342833
        ],
        [
          0.8191094507265837,
          0.36146248947863335,
          -0.4454262861915659,
          -1.945297928633532
        ],
        [
          -0.29600556436985664,
          0.9314656453857312,
          0.21154776609079012,
          0.8803940113636131
        ],
        [
          0.0,
          0.0,
          0.0,
          1.0
        ]
      ]
    },
    {
      "file_path": "./images/0029.jpg",
      "sharpness": 14.985583396759736,
      "transform_matrix": [
        [
          0.5767427005786947,
          0.014975848932031965,
          0.8167885780834776,
          3.49633649335075
        ],
        [
          0.7547876753183482,
          0.37271280060313117,
          -0.5397969372404791,
          -1.8073950301941029
        ],
        [
          -0.31251147582422917,
          0.9278258954263895,
          0.20365580095877117,
          0.6295064057798945
        ],
        [
          0.0,
          0.0,
          0.0,
          1.0
        ]
      ]
    },
    {
      "file_path": "./images/0030.jpg",
      "sharpness": 10.183821132173023,
      "transform_matrix": [
        [
          0.4826942649649089,
          0.002373224458435994,
          0.8757857125948827,
          3.742965355005546
        ],
        [
          0.8279619505424917,
          0.32470402606591536,
          -0.4572158176513202,
          -1.495266741006119
        ],
        [
          -0.28545622261179904,
          0.945812699888839,
          0.15476783164135174,
          0.4841357973032476
        ],
        [
          0.0,
          0.0,
          0.0,
          1.0
        ]
      ]
    },
    {
      "file_path": "./images/0025.jpg",
      "sharpness": 4.358969522236343,
      "transform_matrix": [
        [
          0.7899556507891798,
          0.0599823891576421,
          0.6102230598616009,
          2.30556362522585
        ],
        [
          0.5068243041604863,
          0.4962562291464997,
          -0.7048821743707544,
          -2.7354373453940366
        ],
        [
          -0.34510751151854857,
          0.8661015344817802,
          0.361619879806902,
          1.452744172164183
        ],
        [
          0.0,
          0.0,
          0.0,
          1.0
        ]
      ]
    },
    {
      "file_path": "./images/0035.jpg",
      "sharpness": 7.918343580526957,
      "transform_matrix": [
        [
          -0.061921184031025776,
          -0.01545789236399663,
          0.9979613321875398,
          4.010951099108288
        ],
        [
          0.9922882031985512,
          0.10661741944081782,
          0.06322062689406835,
          0.19662354118482114
        ],
        [
          -0.10737731958526917,
          0.9941799532504708,
          0.008736807388998784,
          0.06521655002849046
        ],
        [
          0.0,
          0.0,
          0.0,
          1.0
        ]
      ]
    },
    {
      "file_path": "./images/0034.jpg",
      "sharpness": 9.253598925714142,
      "transform_matrix": [
        [
          0.05840085980312017,
          -0.017651292078356702,
          0.9981371506320618,
          4.024508600218226
        ],
        [
          0.987745085624875,
          0.14598413888076295,
          -0.05521120374759257,
          -0.1492921953037752
        ],
        [
          -0.1447376433365735,
          0.9891294470860592,
          0.025960576233580675,
          0.09645045925101321
        ],
        [
          0.0,
          0.0,
          0.0,
          1.0
        ]
      ]
    },
    {
      "file_path": "./images/0032.jpg",
      "sharpness": 6.954007258281008,
      "transform_matrix": [
        [
          0.2694224293097889,
          -0.013978774872677105,
          0.9629206345527865,
          3.9975461309096088
        ],
        [
          0.9388672430017072,
          0.22635513300460525,
          -0.2594063487676202,
          -0.8095465092938969
        ],
        [
          -0.21433584535710926,
          0.9739445300553837,
          0.07410936364609293,
          0.263874972066152
        ],
        [
          0.0,
          0.0,
          0.0,
          1.0
        ]
      ]
    },
    {
      "file_path": "./images/0033.jpg",
      "sharpness": 9.518557701105587,
      "transform_matrix": [
        [
          0.176688445539731,
          -0.01632185416807755,
          0.9841314903502171,
          4.0269272284611
        ],
        [
          0.9670347158251225,
          0.18915554430083598,
          -0.17048178333589342,
          -0.5313729849828707
        ],
        [
          -0.18337134891486606,
          0.9818114773958367,
          0.049205398694902314,
          0.15507695485780976
        ],
        [
          0.0,
          0.0,
          0.0,
          1.0
        ]
      ]
    },
    {
      "file_path": "./images/0031.jpg",
      "sharpness": 11.432654435466231,
      "transform_matrix": [
        [
          0.38049501677524444,
          -0.007445701587315771,
          0.9247529960734104,
          3.899138440655882
        ],
        [
          0.88963734486437,
          0.27600240162652223,
          -0.36382422805411613,
          -1.152627376416634
        ],
        [
          -0.2525251211952568,
          0.9611281058388114,
          0.11164151262768333,
          0.3841186789743973
        ],
        [
          0.0,
          0.0,
          0.0,
          1.0
        ]
      ]
    },
    {
      "file_path": "./images/0036.jpg",
      "sharpness": 8.925007201091423,
      "transform_matrix": [
        [
          -0.1709426486996118,
          -0.013132981639463484,
          0.9851934508808352,
          3.980755531729012
        ],
        [
          0.9823817578797984,
          0.07437911277679812,
          0.1714462871211882,
          0.5861125945418783
        ],
        [
          -0.07552941573094532,
          0.9971435565581901,
          0.0001870390431861291,
          0.09612113400054242
        ],
        [
          0.0,
          0.0,
          0.0,
          1.0
        ]
      ]
    },
    {
      "file_path": "./images/0037.jpg",
      "sharpness": 4.523781346332882,
      "transform_matrix": [
        [
          -0.2590211254454822,
          -0.009837104841554256,
          0.9658215611338163,
          3.8934676499966567
        ],
        [
          0.9646871869646041,
          0.04687160207759543,
          0.25919429821102513,
          1.0741867717374676
        ],
        [
          -0.04781932537726116,
          0.9988524837516155,
          -0.002651006124096812,
          0.16686021114814636
        ],
        [
          0.0,
          0.0,
          0.0,
          1.0
        ]
      ]
    },
    {
      "file_path": "./images/0041.jpg",
      "sharpness": 4.753807382311451,
      "transform_matrix": [
        [
          -0.6251937325399117,
          0.031686416039768496,
          0.7798261138491313,
          3.0377743677124833
        ],
        [
          0.7724235144324004,
          -0.1179823824670889,
          0.6240529398852284,
          2.4873938575153103
        ],
        [
          0.1117797439060159,
          0.9925100142948583,
          0.04928651323134548,
          0.47833314154416123
        ],
        [
          0.0,
          0.0,
          0.0,
          1.0
        ]
      ]
    },
    {
      "file_path": "./images/0038.jpg",
      "sharpness": 7.336981926914615,
      "transform_matrix": [
        [
          -0.33870284598236755,
          -0.0029147833264724764,
          0.9408888808840686,
          3.77241759810034
        ],
        [
          0.9406808360463659,
          0.02020585135356648,
          0.3386905494198137,
          1.4772913960062046
        ],
        [
          -0.019998670433649626,
          0.9997915920925777,
          -0.004101898542509596,
          0.20463883732456015
        ],
        [
          0.0,
          0.0,
          0.0,
          1.0
        ]
      ]
    },
    {
      "file_path": "./images/0040.jpg",
      "sharpness": 10.484914641175571,
      "transform_matrix": [
        [
          -0.5413153274560816,
          0.016391737212072675,
          0.8406598760628201,
          3.29063143918435
        ],
        [
          0.838590012908415,
          -0.062238285342079216,
          0.5411960699118664,
          2.208246395071149
        ],
        [
          0.0611923730002366,
          0.9979267041213931,
          0.019944590689989175,
          0.36386069554015754
        ],
        [
          0.0,
          0.0,
          0.0,
          1.0
        ]
      ]
    },
    {
      "file_path": "./images/0039.jpg",
      "sharpness": 20.006289665251114,
      "transform_matrix": [
        [
          -0.4484252237011066,
          0.006286845469453693,
          0.8937982402826299,
          3.554021045032926
        ],
        [
          0.8936199517757233,
          -0.01802059036002575,
          0.4484625292168094,
          1.8721290301310947
        ],
        [
          0.018926186572671616,
          0.9998178503642018,
          0.00246283671818584,
          0.2662296336980315
        ],
        [
          0.0,
          0.0,
          0.0,
          1.0
        ]
      ]
    },
    {
      "file_path": "./images/0045.jpg",
      "sharpness": 4.538715975213048,
      "transform_matrix": [
        [
          -0.8464830772559486,
          0.1668653166788249,
          0.5055911055572927,
          2.0502733245925717
        ],
        [
          0.4314608970954081,
          -0.3413875201347296,
          0.8350425470441567,
          3.0973961128800993
        ],
        [
          0.31194213278119615,
          0.9249921768287918,
          0.21698289935206777,
          0.8445586673288273
        ],
        [
          0.0,
          0.0,
          0.0,
          1.0
        ]
      ]
    },
    {
      "file_path": "./images/0046.jpg",
      "sharpness": 4.799457826906178,
      "transform_matrix": [
        [
          -0.8623232539577721,
          0.20709905744352636,
          0.46206989308907914,
          1.8988904299931246
        ],
        [
          0.367302915161812,
          -0.37230790607948233,
          0.8523352577386748,
          3.2327903355724987
        ],
        [
          0.3485501028619301,
          0.9047081316562762,
          0.24498167751839317,
          0.9558951979922852
        ],
        [
          0.0,
          0.0,
          0.0,
          1.0
        ]
      ]
    },
    {
      "file_path": "./images/0043.jpg",
      "sharpness": 6.654412735156273,
      "transform_matrix": [
        [
          -0.7679413144120226,
          0.0875132442998292,
          0.6345136481596937,
          2.5212078248742453
        ],
        [
          0.6009908783248706,
          -0.24417076874326915,
          0.7610457278388263,
          2.8087869290476712
        ],
        [
          0.2215312659529493,
          0.9657753712808151,
          0.13491415953288677,
          0.6682222994990392
        ],
        [
          0.0,
          0.0,
          0.0,
          1.0
        ]
      ]
    },
    {
      "file_path": "./images/0042.jpg",
      "sharpness": 8.166844376811275,
      "transform_matrix": [
        [
          -0.7112795370503509,
          0.05718816924285568,
          0.7005789987444379,
          2.7363753445686236
        ],
        [
          0.6813103972117556,
          -0.18908419341437172,
          0.7071515470195224,
          2.679380732235056
        ],
        [
          0.17290911725193994,
          0.9802941809012723,
          0.0955288232526501,
          0.582468455267279
        ],
        [
          0.0,
          0.0,
          0.0,
          1.0
        ]
      ]
    },
    {
      "file_path": "./images/0048.jpg",
      "sharpness": 5.529195360718265,
      "transform_matrix": [
        [
          -0.8807565059854224,
          0.26172476955698515,
          0.3946747042494156,
          1.6133842483632774
        ],
        [
          0.26701196232641716,
          -0.4138511176848303,
          0.870305615497062,
          3.3829843426003303
        ],
        [
          0.39111710413566925,
          0.8719102003069199,
          0.29461842010141304,
          1.1179863641232684
        ],
        [
          0.0,
          0.0,
          0.0,
          1.0
        ]
      ]
    },
    {
      "file_path": "./images/0044.jpg",
      "sharpness": 6.57404164233411,
      "transform_matrix": [
        [
          -0.8152723793927624,
          0.12558585292302937,
          0.5652956226210573,
          2.2619891037744533
        ],
        [
          0.5120445858745489,
          -0.29957168854183697,
          0.8050261769041189,
          2.93940412008116
        ],
        [
          0.2704464632457687,
          0.9457721696997747,
          0.17992696726453633,
          0.7604133931097072
        ],
        [
          0.0,
          0.0,
          0.0,
          1.0
        ]
      ]
    },
    {
      "file_path": "./images/0049.jpg",
      "sharpness": 5.58387463186194,
      "transform_matrix": [
        [
          -0.8860621875360053,
          0.28980054273827843,
          0.3618141031761729,
          1.4885324059063576
        ],
        [
          0.2181653038380994,
          -0.42797225333723965,
          0.8770653627722296,
          3.4574111723022813
        ],
        [
          0.4090204151738365,
          0.856069737702361,
          0.31598560753776556,
          1.168102409814152
        ],
        [
          0.0,
          0.0,
          0.0,
          1.0
        ]
      ]
    },
    {
      "file_path": "./images/0047.jpg",
      "sharpness": 5.133821129146621,
      "transform_matrix": [
        [
          -0.872944771252578,
          0.23971360571948866,
          0.42485858068940563,
          1.7356345659001644
        ],
        [
          0.31111794471491333,
          -0.39723335097306184,
          0.8633720457318429,
          3.333892181110035
        ],
        [
          0.375730023856703,
          0.8858572413858372,
          0.272183572367426,
          1.0381562549389727
        ],
        [
          0.0,
          0.0,
          0.0,
          1.0
        ]
      ]
    },
    {
      "file_path": "./images/0052.jpg",
      "sharpness": 3.8692276706843267,
      "transform_matrix": [
        [
          -0.8940300954710002,
          0.36516436410983794,
          0.25954802173401786,
          1.097677279554628
        ],
        [
          0.08032300311014959,
          -0.43930141735708805,
          0.8947415715610444,
          3.687763903006431
        ],
        [
          0.44074755084170836,
          0.820773569201568,
          0.36341758974619287,
          1.291061200548996
        ],
        [
          0.0,
          0.0,
          0.0,
          1.0
        ]
      ]
    },
    {
      "file_path": "./images/0050.jpg",
      "sharpness": 5.657150366473045,
      "transform_matrix": [
        [
          -0.8894954065546122,
          0.3176525496594438,
          0.32847340748189896,
          1.3866933222615463
        ],
        [
          0.16999542251281738,
          -0.4372086476879664,
          0.8831478668443101,
          3.5281687694380035
        ],
        [
          0.42414558591601353,
          0.8413949465556289,
          0.33489560443276933,
          1.1689080035255761
        ],
        [
          0.0,
          0.0,
          0.0,
          1.0
        ]
      ]
    },
    {
      "file_path": "./images/0051.jpg",
      "sharpness": 5.83648883475773,
      "transform_matrix": [
        [
          -0.8935309846012258,
          0.3431768053653581,
          0.2895376656438004,
          1.2514811920144053
        ],
        [
          0.11900723456008305,
          -0.4407737593150295,
          0.8896942009599507,
          3.6166567186054794
        ],
        [
          0.43294301898663673,
          0.8294264122669965,
          0.3530044885754469,
          1.1964573526431803
        ],
        [
          0.0,
          0.0,
          0.0,
          1.0
        ]
      ]
    },
    {
      "file_path": "./images/0053.jpg",
      "sharpness": 5.913782903097564,
      "transform_matrix": [
        [
          -0.8949685093223432,
          0.37843589864733584,
          0.23625756696029118,
          0.9591816852287474
        ],
        [
          0.05383100876212224,
          -0.43409938756084887,
          0.899255216395799,
          3.747878984915076
        ],
        [
          0.4428697210541273,
          0.8175230836752471,
          0.3681336956070887,
          1.3527924623638932
        ],
        [
          0.0,
          0.0,
          0.0,
          1.0
        ]
      ]
    },
    {
      "file_path": "./images/0054.jpg",
      "sharpness": 5.923240419353671,
      "transform_matrix": [
        [
          -0.8964000737789329,
          0.39315111110708467,
          0.2046927247707136,
          0.8274577696523246
        ],
        [
          0.018949093860487404,
          -0.4273910920655536,
          0.9038682350127075,
          3.8302123372981485
        ],
        [
          0.4428406480672745,
          0.814106294206064,
          0.37566354915429784,
          1.4435981492916963
        ],
        [
          0.0,
          0.0,
          0.0,
          1.0
        ]
      ]
    },
    {
      "file_path": "./images/0056.jpg",
      "sharpness": 6.6604079733221395,
      "transform_matrix": [
        [
          -0.8987375093056689,
          0.41348890234372365,
          0.14593771621926702,
          0.5323122391297465
        ],
        [
          -0.042701223090002786,
          -0.4137713514679,
          0.9093788397863415,
          3.9083546723867526
        ],
        [
          0.4364029043480484,
          0.8110611545073313,
          0.3895283157045207,
          1.6042698592311013
        ],
        [
          0.0,
          0.0,
          0.0,
          1.0
        ]
      ]
    },
    {
      "file_path": "./images/0055.jpg",
      "sharpness": 7.026631843597765,
      "transform_matrix": [
        [
          -0.8980415413369334,
          0.40528717502365486,
          0.17106634912863694,
          0.6841599377022314
        ],
        [
          -0.01633071628524128,
          -0.4193120133643398,
          0.9076952920193331,
          3.8866545350948614
        ],
        [
          0.43960743595680285,
          0.8123544430957477,
          0.38317823665216266,
          1.521011010859362
        ],
        [
          0.0,
          0.0,
          0.0,
          1.0
        ]
      ]
    },
    {
      "file_path": "./images/0060.jpg",
      "sharpness": 5.794822283212666,
      "transform_matrix": [
        [
          -0.909101645076912,
          0.4019225470882814,
          0.10951011400866421,
          0.46603371233328417
        ],
        [
          -0.07451720442837363,
          -0.41554361758356034,
          0.906515685539889,
          3.8812990166007095
        ],
        [
          0.40985532224482013,
          0.8159545134597797,
          0.4077215309521762,
          1.5921722786637929
        ],
        [
          0.0,
          0.0,
          0.0,
          1.0
        ]
      ]
    },
    {
      "file_path": "./images/0061.jpg",
      "sharpness": 4.111020813041247,
      "transform_matrix": [
        [
          -0.9135283251745216,
          0.3700491674812326,
          0.1689071128163363,
          0.7071033328388823
        ],
        [
          -0.005648779154554674,
          -0.4267351513535011,
          0.9043590005597748,
          3.769881866736529
        ],
        [
          0.4067358976136665,
          0.8252034441599425,
          0.3919249741324881,
          1.5330149511158124
        ],
        [
          0.0,
          0.0,
          0.0,
          1.0
        ]
      ]
    },
    {
      "file_path": "./images/0057.jpg",
      "sharpness": 5.7996506913161525,
      "transform_matrix": [
        [
          -0.8998835129280528,
          0.41933229854500337,
          0.11987529589912069,
          0.40226240860821516
        ],
        [
          -0.06966278833230213,
          -0.40953373712316515,
          0.9096313616404232,
          3.921494326425508
        ],
        [
          0.43053078762361213,
          0.8102114178180195,
          0.39774451517938575,
          1.6128438256882756
        ],
        [
          0.0,
          0.0,
          0.0,
          1.0
        ]
      ]
    },
    {
      "file_path": "./images/0064.jpg",
      "sharpness": 3.571449645937421,
      "transform_matrix": [
        [
          -0.8802378506707844,
          0.23968433676107637,
          0.4095518831205043,
          1.870775410810009
        ],
        [
          0.27727362576580944,
          -0.44061708234413965,
          0.8538008685878263,
          3.146389700754155
        ],
        [
          0.38509825072260895,
          0.8651057770386344,
          0.32138968843842053,
          1.0518090549100099
        ],
        [
          0.0,
          0.0,
          0.0,
          1.0
        ]
      ]
    },
    {
      "file_path": "./images/0062.jpg",
      "sharpness": 4.0838950361179895,
      "transform_matrix": [
        [
          -0.9094043996829136,
          0.32327934668311487,
          0.26167556602626973,
          1.080491513936111
        ],
        [
          0.10273801112290773,
          -0.43505547052757476,
          0.8945231347677081,
          3.602660415673262
        ],
        [
          0.40302424110376495,
          0.8403673015889054,
          0.36242828188856036,
          1.4398627992436714
        ],
        [
          0.0,
          0.0,
          0.0,
          1.0
        ]
      ]
    },
    {
      "file_path": "./images/0063.jpg",
      "sharpness": 5.995803071746324,
      "transform_matrix": [
        [
          -0.9002882873429461,
          0.28495607031227055,
          0.32906084190459894,
          1.4161088163374653
        ],
        [
          0.18291716100022487,
          -0.4383123724608911,
          0.8800133955568121,
          3.417179834169584
        ],
        [
          0.39499659731921,
          0.8524566277222261,
          0.34248413973273817,
          1.2781614622183204
        ],
        [
          0.0,
          0.0,
          0.0,
          1.0
        ]
      ]
    },
    {
      "file_path": "./images/0058.jpg",
      "sharpness": 7.494736440159478,
      "transform_matrix": [
        [
          -0.900965099991942,
          0.4204739213005575,
          0.10706806298944876,
          0.3930904914599833
        ],
        [
          -0.08262730376451252,
          -0.40851437622925296,
          0.9090042536131161,
