{
  "camera_angle_x": 0.6530250836175516,
  "camera_angle_y": 1.0721444874716355,
  "fl_x": 3189.2945291159945,
  "fl_y": 3231.762433230383,
  "k1": 0.016181082490102385,
  "k2": -0.02221996670553769,
  "k3": 0,
  "k4": 0,
  "p1": 0.001187542698343966,
  "p2": -0.004070625148699052,
  "is_fisheye": false,
  "cx": 1038.4227735271434,
  "cy": 1995.1426201240115,
  "w": 2160.0,
  "h": 3840.0,
  "aabb_scale": 32,
  "frames": [
    {
      "file_path": "./images/0005.jpg",
      "sharpness": 3.6759376995133684,
      "transform_matrix": [
        [
          0.29785990694216136,
          -0.1434634662600005,
          0.9437678261643975,
          3.976757923118378
        ],
        [
          0.9494040739752647,
          -0.05858545240978192,
          -0.3085444037499887,
          -1.42797601287742
        ],
        [
          0.09955591472273612,
          0.9879200264357546,
          0.11875454193091535,
          0.3874189576676801
        ],
        [
          0.0,
          0.0,
          0.0,
          1.0
        ]
      ]
    },
    {
      "file_path": "./images/0004.jpg",
      "sharpness": 4.846319564946297,
      "transform_matrix": [
        [
          0.21781009259582773,
          -0.13388887484330203,
          0.966763948838904,
          4.282288482026134
        ],
        [
          0.9680023549301735,
          -0.09684351019015232,
          -0.23150113473590825,
          -0.980494437268403
        ],
        [
          0.1246202407855907,
          0.9862530627305203,
          0.10851125222544554,
          0.3765675735068972
        ],
        [
          0.0,
          0.0,
          0.0,
          1.0
        ]
      ]
    },
    {
      "file_path": "./images/0001.jpg",
      "sharpness": 10.291695813420798,
      "transform_matrix": [
        [
          0.1078593117182337,
          -0.126099444130187,
          0.9861365519458886,
          4.474522220676665
        ],
        [
          0.9816616986742992,
          -0.14332022954204882,
          -0.12569654394703428,
          -0.5312294580373594
        ],
        [
          0.15718358130549595,
          0.9816100254235051,
          0.10832857321301959,
          0.45336901533541374
        ],
        [
          0.0,
          0.0,
          0.0,
          1.0
        ]
      ]
    },
    {
      "file_path": "./images/0006.jpg",
      "sharpness": 2.662010751581155,
      "transform_matrix": [
        [
          0.38658552026932624,
          -0.1519905733410146,
          0.9096430624984526,
          3.50679111123713
        ],
        [
          0.9198887321093291,
          -0.0070409212412362865,
          -0.3921162403761037,
          -1.8918900189212162
        ],
        [
          0.06600269735177566,
          0.9883568642255969,
          0.13709249760201728,
          0.476083619919031
        ],
        [
          0.0,
          0.0,
          0.0,
          1.0
        ]
      ]
    },
    {
      "file_path": "./images/0008.jpg",
      "sharpness": 3.268763139666513,
      "transform_matrix": [
        [
          0.6313971351554076,
          -0.07613851839998813,
          0.7717127598733858,
          3.057911911752246
        ],
        [
          0.7745880852759208,
          0.10909319180662763,
          -0.6229863350430327,
          -2.3961819025423123
        ],
        [
          -0.036755351598874095,
          0.9911112962404603,
          0.12785711795485627,
          0.4627782646467916
        ],
        [
          0.0,
          0.0,
          0.0,
          1.0
        ]
      ]
    },
    {
      "file_path": "./images/0007.jpg",
      "sharpness": 3.8897629720212388,
      "transform_matrix": [
        [
          0.5281945123384458,
          -0.12095884196110912,
          0.8404638693632096,
          3.2267776307937033
        ],
        [
          0.8487338257241303,
          0.04522792982969366,
          -0.5268826505355122,
          -2.233115267006804
        ],
        [
          0.025718674350223292,
          0.9916266398867354,
          0.1265510050332851,
          0.4883201550934179
        ],
        [
          0.0,
          0.0,
          0.0,
          1.0
        ]
      ]
    },
    {
      "file_path": "./images/0009.jpg",
      "sharpness": 3.285892288197527,
      "transform_matrix": [
        [
          0.699049976244137,
          -0.011912136206809393,
          0.7149735881429896,
          2.753509351453394
        ],
        [
          0.7069437078380766,
          0.16184890751399056,
          -0.6885023784163747,
          -2.720729075564614
        ],
        [
          -0.10751616003189259,
          0.9867436506840974,
          0.12156168469110867,
          0.4553599860417455
        ],
        [
          0.0,
          0.0,
          0.0,
          1.0
        ]
      ]
    },
    {
      "file_path": "./images/0011.jpg",
      "sharpness": 2.745581109417678,
      "transform_matrix": [
        [
          0.8646674849212435,
          0.08150999913212545,
          0.4956876643406123,
          1.5097791908129474
        ],
        [
          0.47730228491161697,
          0.17435811248980435,
          -0.8612675411435563,
          -3.217656895229999
        ],
        [
          -0.1566290820700479,
          0.9813028934371792,
          0.11185688177326708,
          0.4663432201533055
        ],
        [
          0.0,
          0.0,
          0.0,
          1.0
        ]
      ]
    },
    {
      "file_path": "./images/0010.jpg",
      "sharpness": 2.750419183044698,
      "transform_matrix": [
        [
          0.802999650196635,
          0.053225657559804414,
          0.5935980046962823,
          2.1658776955691845
        ],
        [
          0.5757669645648771,
          0.18790971265638523,
          -0.7957275553890707,
          -2.936803758297646
        ],
        [
          -0.15389595286992103,
          0.9807430699649937,
          0.12024585824144944,
          0.4233253112515537
        ],
        [
          0.0,
          0.0,
          0.0,
          1.0
        ]
      ]
    },
    {
      "file_path": "./images/0012.jpg",
      "sharpness": 3.224370423648779,
      "transform_matrix": [
        [
          0.9195012373129116,
          0.14396770656178817,
          0.3657742118648651,
          1.088593489176255
        ],
        [
          0.3428934250472,
          0.16121665071704933,
          -0.9254368106960636,
          -3.483974914471441
        ],
        [
          -0.19220190855928998,
          0.976361864790229,
          0.09887332981060855,
          0.4094068869981964
        ],
        [
          0.0,
          0.0,
          0.0,
          1.0
        ]
      ]
    },
    {
      "file_path": "./images/0003.jpg",
      "sharpness": 10.3257699159452,
      "transform_matrix": [
        [
          0.16083005483462437,
          -0.12837773853531004,
          0.978597388985098,
          4.385548157216378
        ],
        [
          0.9769112622923638,
          -0.12057310719138094,
          -0.17637038138213798,
          -0.7201426681900717
        ],
        [
          0.14063455858575472,
          0.984368468658336,
          0.10602187916159794,
          0.42876302281044454
        ],
        [
          0.0,
          0.0,
          0.0,
          1.0
        ]
      ]
    },
    {
      "file_path": "./images/0013.jpg",
      "sharpness": 3.1919416573864874,
      "transform_matrix": [
        [
          0.9443185058138832,
          0.21948488455759713,
          0.24513046535706717,
          0.8037549345515195
        ],
        [
          0.21973956501287223,
          0.13383173642231735,
          -0.9663351333230442,
          -3.5011530339414905
        ],
        [
          -0.2449021910101058,
          0.9663930110440421,
          0.0781502723092134,
          0.3497449397522121
        ],
        [
          0.0,
          0.0,
          0.0,
          1.0
        ]
      ]
    },
    {
      "file_path": "./images/0014.jpg",
      "sharpness": 4.746349222756082,
      "transform_matrix": [
        [
          0.9523264302807055,
          0.27533145949096144,
          0.13140379606915775,
          0.46763758996571697
        ],
        [
          0.10733815540969543,
          0.10078981529372841,
          -0.9891005679538478,
          -3.6327077667998218
        ],
        [
          -0.285574667292777,
          0.9560512541520018,
          0.06643123401930906,
          0.33397084191486676
        ],
        [
          0.0,
          0.0,
          0.0,
          1.0
        ]
      ]
    },
    {
      "file_path": "./images/0018.jpg",
      "sharpness": 3.784684726755774,
      "transform_matrix": [
        [
          0.9313312032010131,
          0.249391443962883,
          0.2653791582627781,
          1.3740625185744215
        ],
        [
          0.2296081633603989,
          0.1635060236716689,
          -0.959450817677315,
          -3.8085305243505956
        ],
        [
          -0.2826699157647958,
          0.9544997055624551,
          0.09501595035063333,
          0.35570431188744583
        ],
        [
          0.0,
          0.0,
          0.0,
          1.0
        ]
      ]
    },
    {
      "file_path": "./images/0015.jpg",
      "sharpness": 3.853841145319591,
      "transform_matrix": [
        [
          0.9505932244623039,
          0.306083752605788,
          0.05181947524935332,
          0.15577139775960525
        ],
        [
          0.030956193310964775,
          0.07263034330836529,
          -0.9968784014747876,
          -3.7377540516686034
        ],
        [
          -0.3088919482924822,
          0.9492299877478373,
          0.05956672442429281,
          0.3643858449219632
        ],
        [
          0.0,
          0.0,
          0.0,
          1.0
        ]
      ]
    },
    {
      "file_path": "./images/0017.jpg",
      "sharpness": 3.103970863824343,
      "transform_matrix": [
        [
          0.9480835169944015,
          0.30858518662193596,
          0.07689491152885447,
          0.4278827645015451
        ],
        [
          0.048282871930001234,
          0.09931906342931102,
          -0.9938835384078157,
          -3.7618078797346532
        ],
        [
          -0.3143348677755714,
          0.9459973077419392,
          0.0792633879154889,
          0.340465840888193
        ],
        [
          0.0,
          0.0,
          0.0,
          1.0
        ]
      ]
    },
    {
      "file_path": "./images/0019.jpg",
      "sharpness": 3.693074147379391,
      "transform_matrix": [
        [
          0.8615741979344076,
          0.15683798131675436,
          0.48279576332872576,
          2.210525664582285
        ],
        [
          0.4503187159344711,
          0.20286103521365006,
          -0.8695173687003037,
          -3.434399296932225
        ],
        [
          -0.23431379717244144,
          0.9665656977287955,
          0.10415275535002885,
          0.36258247745091154
        ],
        [
          0.0,
          0.0,
          0.0,
          1.0
        ]
      ]
    },
    {
      "file_path": "./images/0016.jpg",
      "sharpness": 4.440174933361558,
      "transform_matrix": [
        [
          0.9486203501401097,
          0.31636857288036124,
          0.005509756047132636,
          0.027005973963776568
        ],
        [
          -0.016050822405813153,
          0.06550381448400092,
          -0.997723218827981,
          -3.806801460338156
        ],
        [
          -0.31600918090817226,
          0.9463721130717047,
          0.06721622720940895,
          0.3504037651254773
        ],
        [
          0.0,
          0.0,
          0.0,
          1.0
        ]
      ]
    },
    {
      "file_path": "./images/0002.jpg",
      "sharpness": 10.936136911646544,
      "transform_matrix": [
        [
          0.12588535803823325,
          -0.1263225328738126,
          0.9839692547726935,
          4.4440089795734625
        ],
        [
          0.9804328458764121,
          -0.13547141862979153,
          -0.14282482088711498,
          -0.5441235241205744
        ],
        [
          0.15134170396386454,
          0.9826953304258053,
          0.10679689236562996,
          0.4312183042707324
        ],
        [
          0.0,
          0.0,
          0.0,
          1.0
        ]
      ]
    },
    {
      "file_path": "./images/0020.jpg",
      "sharpness": 4.282097534855013,
      "transform_matrix": [
        [
          0.725904609135041,
          0.06370165148665248,
          0.6848391037699119,
          3.1170029717164236
        ],
        [
          0.6674077948590071,
          0.17539467324818545,
          -0.7237427332677853,
          -3.048468482728506
        ],
        [
          -0.16622073819392566,
          0.9824351419873735,
          0.08480482298100862,
          0.42357959408009155
        ],
        [
          0.0,
          0.0,
          0.0,
          1.0
        ]
      ]
    },
    {
      "file_path": "./images/0023.jpg",
      "sharpness": 3.7785733747776606,
      "transform_matrix": [
        [
          0.19571883400444118,
          -0.1431361490774139,
          0.9701578123487073,
          3.8965299225590293
        ],
        [
          0.9665085787240013,
          -0.1393041349015462,
          -0.2155354385073779,
          -0.9868630731327627
        ],
        [
          0.1659979074248711,
          0.9798501930624354,
          0.11107787315391006,
          0.6319019998883768
        ],
        [
          0.0,
          0.0,
          0.0,
          1.0
        ]
      ]
    },
    {
      "file_path": "./images/0022.jpg",
      "sharpness": 2.940359276707212,
      "transform_matrix": [
        [
          0.43169405909630254,
          -0.09513702434661256,
          0.8969889553151866,
          3.8268142756243027
        ],
        [
          0.9008720377762818,
          -0.004682382621752634,
          -0.43405949689658674,
          -1.8312954683080838
        ],
        [
          0.04549517442040085,
          0.9954531741421966,
          0.08368492823087824,
          0.4614277925371284
        ],
        [
          0.0,
          0.0,
          0.0,
          1.0
        ]
      ]
    },
    {
      "file_path": "./images/0021.jpg",
      "sharpness": 4.49637972439994,
      "transform_matrix": [
        [
          0.567588329701521,
          -0.020976775104855797,
          0.8230452374631892,
          3.6401673653379225
        ],
        [
          0.8204312171311717,
          0.09797195554641297,
          -0.5632886594663525,
          -2.523876539910097
        ],
        [
          -0.06881937188868915,
          0.9949680752922546,
          0.07281773973694391,
          0.5113511280485693
        ],
        [
          0.0,
          0.0,
          0.0,
          1.0
        ]
      ]
    },
    {
      "file_path": "./images/0024.jpg",
      "sharpness": 4.125914540505231,
      "transform_matrix": [
        [
          0.0407766606700536,
          -0.1632556920885371,
          0.9857407584975328,
          3.959691437170518
        ],
        [
          0.9768913207269166,
          -0.20064959057709442,
          -0.07364162742627112,
          -0.2368897985393482
        ],
        [
          0.20981089445968665,
          0.9659644511157591,
          0.15130124839201045,
          0.6015320685884995
        ],
        [
          0.0,
          0.0,
          0.0,
          1.0
        ]
      ]
    },
    {
      "file_path": "./images/0027.jpg",
      "sharpness": 2.6015221019780213,
      "transform_matrix": [
        [
          -0.23900140106357587,
          -0.1936840342401585,
          0.9515066080632884,
          3.535684044407296
        ],
        [
          0.9450664903554694,
          -0.27143582212691547,
          0.18213160976010123,
          0.6993354238347437
        ],
        [
          0.2229969934778608,
          0.9427667205430379,
          0.2479178322644115,
          0.7555904955470547
        ],
        [
          0.0,
          0.0,
          0.0,
          1.0
        ]
      ]
    },
    {
      "file_path": "./images/0025.jpg",
      "sharpness": 5.5529734497225975,
      "transform_matrix": [
        [
          -0.1204014771756375,
          -0.16402212485298992,
          0.9790813178028852,
          3.934231862643657
        ],
        [
          0.9670985527825245,
          -0.24202610223593732,
          0.0783821092007028,
          0.3777879025108365
        ],
        [
          0.22410683501829892,
          0.9563054472354842,
          0.1877658597939098,
          0.6321889491986056
        ],
        [
          0.0,
          0.0,
          0.0,
          1.0
        ]
      ]
    },
    {
      "file_path": "./images/0026.jpg",
      "sharpness": 5.009538351951133,
      "transform_matrix": [
        [
          -0.23515419681618605,
          -0.1734506409836426,
          0.9563563033096489,
          3.55979505083765
        ],
        [
          0.943006680233713,
          -0.279077961189243,
          0.18125642778498058,
          0.7749967893957888
        ],
        [
          0.23545892371642796,
          0.9444735923981663,
          0.22919146695094955,
          0.8586273224576368
        ],
        [
          0.0,
          0.0,
          0.0,
          1.0
        ]
      ]
    },
    {
      "file_path": "./images/0028.jpg",
      "sharpness": 7.888199864885051,
      "transform_matrix": [
        [
          -0.2019413114318267,
          -0.2016737313683597,
          0.958408792129515,
          3.5749672945891615
        ],
        [
          0.9561699351115234,
          -0.2524523324468645,
          0.14834714365732737,
          0.6223570969254958
        ],
        [
          0.21203481301146687,
          0.9463590893181184,
          0.24381491372452657,
          0.7055862027286105
        ],
        [
          0.0,
          0.0,
          0.0,
          1.0
        ]
      ]
    }
  ]
}